x=0.8698729
y=-0.1595739
z=1.294996
rx=15
ry=15
rz=15
fov=60
near=0.01
far=1000
disableStandardAssets=False
frameSkip=0
